=== H_TABLE_BEGIN ===
f_actual,H_mag,H_phase_deg,res,settled
100.00,0.01457,87.250,12,1
133.35,0.02102,90.863,12,1
177.83,0.02829,89.523,12,1
237.14,0.03779,88.442,12,1
316.23,0.04988,87.593,12,1
421.70,0.06608,86.453,12,1
562.35,0.08729,84.624,12,1
749.92,0.11635,83.095,12,1
1000.00,0.15382,80.795,12,1
1154.73,0.17651,79.594,12,1
1200.00,0.18318,79.230,12,1
1333.57,0.20269,78.076,12,1
1400.04,0.21185,77.626,12,1
1540.04,0.23208,76.494,12,1
1599.83,0.24021,76.063,12,1
1778.09,0.26548,74.633,12,1
1799.86,0.26815,74.423,12,1
2000.00,0.29522,72.934,12,1
2053.67,0.30273,72.471,12,1
2200.06,0.32193,71.411,12,1
2371.17,0.34436,70.130,12,1
2400.00,0.34765,69.917,12,1
2599.65,0.37366,68.499,12,1
2738.23,0.39016,67.476,12,1
2799.55,0.38794,68.224,12,0
3000.00,0.42067,65.694,12,1
3161.89,0.43977,64.618,12,1
3199.66,0.44400,64.368,12,1
3399.82,0.46612,63.068,12,1
3600.58,0.48757,61.772,12,1
3651.41,0.49280,61.414,12,1
3799.39,0.50810,60.521,12,1
4000.00,0.52815,59.300,12,1
4215.85,0.54911,58.007,12,1
4398.83,0.56558,56.967,12,1
4601.23,0.58252,56.012,12,1
4798.46,0.59918,54.895,12,1
4870.13,0.60671,54.322,12,1
5000.00,0.61743,53.684,12,1
5201.11,0.63223,52.764,12,1
5399.57,0.64812,51.627,12,1
5601.19,0.66178,50.621,12,1
5622.19,0.66444,50.500,12,1
5800.46,0.67676,49.697,12,1
6000.00,0.68990,48.771,12,1
6198.35,0.70297,47.837,12,1
6276.15,0.70565,47.764,12,1
6286.67,0.70783,47.581,12,1
6297.23,0.70847,47.551,12,1
6323.78,0.71006,47.430,12,1
6334.46,0.70909,47.501,12,1
6350.55,0.71179,47.319,12,1
6377.55,0.71315,47.205,12,1
6388.42,0.71275,47.236,12,1

6399.32,0.71434,47.081,12,1
6426.74,0.71582,46.973,12,1
6437.77,0.71731,46.929,12,1
6448.84,0.71795,46.867,12,1
6476.68,0.71943,46.756,12,1
6493.51,0.72135,46.543,12,1
6504.77,0.72150,46.644,12,1
6527.42,0.72209,46.507,12,1
6538.80,0.72308,46.482,12,1
6550.22,0.72389,46.436,12,1
6573.18,0.72504,46.341,12,1
6584.72,0.72453,46.391,12,1
6602.11,0.72723,46.118,12,1
6625.44,0.72814,46.141,12,1
6637.17,0.72908,46.058,12,1
6648.94,0.72969,46.023,12,1
6672.60,0.73090,45.925,12,1
6684.49,0.73154,45.892,12,1
6696.43,0.73224,45.826,12,1
6726.46,0.73400,45.709,12,1
6738.54,0.73470,45.649,12,1
6750.68,0.73538,45.577,12,1
6775.07,0.73677,45.479,12,1
6787.33,0.73605,45.574,12,1
6799.64,0.73853,45.292,12,1
6824.39,0.73943,45.305,12,1
6836.83,0.74016,45.254,12,1
6849.31,0.74078,45.177,12,1
6874.43,0.74213,45.095,12,1
6887.05,0.74176,45.135,12,1
6899.72,0.74356,44.992,12,1
6925.21,0.74501,44.889,12,1
6938.02,0.74570,44.832,12,1
6950.88,0.74649,44.777,12,1
6976.74,0.74781,44.687,12,1
6989.75,0.74864,44.627,12,1
7002.80,0.74955,44.465,12,1
7022.47,0.75026,44.498,12,1
7035.65,0.74957,44.552,12,1
7048.87,0.75167,44.391,12,1
7075.47,0.75291,44.311,12,1
7088.85,0.75391,44.232,12,1
7102.27,0.75451,44.175,12,1
7122.51,0.75556,44.115,12,1
7136.06,0.75636,44.037,12,1
7149.67,0.75569,44.087,12,1
7177.03,0.75855,43.878,12,1
7197.70,0.76026,43.703,12,1
7225.43,0.76066,43.703,12,1
7239.38,0.76162,43.677,12,1
7253.38,0.76954,43.177,12,1
7274.49,0.76216,43.446,12,1
7288.63,0.76389,43.441,12,1
7302.82,0.76549,43.331,12,1
7324.22,0.76557,43.323,12,1
7338.55,0.76798,43.287,12,1
7352.94,0.76743,43.172,12,1
7374.63,0.76828,43.119,12,1
7396.45,0.77005,42.960,12,1
7425.74,0.77078,42.927,12,1
7440.48,0.77163,42.866,12,1
7455.27,0.77232,42.821,12,1
7477.57,0.77230,42.834,12,1
7500.00,0.77536,42.510,12,1
7598.78,0.77968,42.201,12,1
7796.26,0.78864,41.474,12,1
7995.74,0.79771,40.780,12,1
8196.72,0.80613,40.087,12,1
8398.66,0.81452,39.416,12,1
8600.92,0.82134,38.833,12,1
8660.51,0.82490,38.531,12,1
8802.82,0.83003,38.133,12,1
9003.60,0.83582,37.584,12,1
9202.45,0.84485,36.906,12,1
9398.50,0.85088,36.339,12,1
9603.07,0.85729,35.759,12,1
9803.92,0.86324,35.204,12,1
10000.00,0.86853,34.683,12,1
10204.08,0.87424,34.188,12,1
10402.22,0.88072,33.640,12,1
10593.22,0.88583,33.171,12,1
10806.92,0.89039,32.649,12,1
10997.07,0.89463,32.242,12,1
11194.03,0.90049,31.729,12,1
11398.18,0.90445,31.312,12,1
11556.24,0.90886,30.865,12,1
11591.96,0.90956,30.844,12,1
11792.45,0.91390,30.389,12,1
12000.00,0.91753,29.979,12,1
12195.12,0.92210,29.576,12,1
12396.69,0.92584,29.161,12,1
12605.04,0.92974,28.758,12,1
12798.63,0.93338,28.376,12,1
12998.27,0.93626,28.015,12,1
13204.23,0.93992,27.635,12,1
13345.20,0.94224,27.334,12,1
13392.86,0.94168,27.306,12,1
13611.62,0.94503,26.935,12,1
13812.15,0.94914,26.572,12,1
13992.54,0.95050,26.270,12,1
14204.55,0.95466,25.909,12,1
14395.39,0.95746,25.600,12,1
14591.44,0.96008,25.291,12,1
14792.90,0.96249,24.986,12,1
15000.00,0.96567,24.688,12,1
15212.98,0.96628,24.357,12,1
15400.41,0.96975,24.030,12,1
15592.52,0.97064,23.817,12,1
15789.47,0.97394,23.530,12,1
15991.47,0.97610,23.255,12,1
16198.70,0.97818,22.969,12,1
16411.38,0.98025,22.691,12,1
16592.92,0.98095,22.499,12,1
16816.14,0.98414,22.180,12,1
17006.80,0.98438,21.935,12,1
17201.83,0.98775,21.657,12,1
17401.39,0.98918,21.452,12,1
17605.63,0.99069,21.213,12,1
17772.51,0.99181,20.941,12,1
17814.73,0.99263,20.983,12,1
17985.61,0.99157,20.885,12,1
18203.88,0.99555,20.545,12,1
18382.35,0.99647,20.342,12,1
18610.42,0.99842,20.086,12,1
18796.99,0.99964,19.886,12,1
18987.34,1.00093,19.691,12,1
19181.59,1.00216,19.495,12,1
19379.85,1.00355,19.280,12,1
19582.25,1.00476,19.100,12,1
19788.92,1.00581,18.888,12,1
20000.00,1.00710,18.695,12,1
20215.63,1.00845,18.485,12,1
20380.44,1.00917,18.339,12,1
20547.95,1.00992,18.120,12,1
20604.40,1.01026,18.140,12,1
20775.62,1.01122,17.983,12,1
21008.40,1.01251,17.772,12,1

21186.44,1.01234,17.606,12,1
21428.57,1.01482,17.413,12,1
21613.83,1.01545,17.254,12,1
21802.33,1.01627,17.091,12,1
21994.13,1.01706,16.941,12,1
22189.35,1.01801,16.785,12,1
22388.06,1.01871,16.631,12,1
22590.36,1.01968,16.497,12,1
22796.35,1.02040,16.297,12,1
23006.13,1.02138,16.156,12,1
23219.81,1.02192,15.990,12,1
23364.49,1.02260,15.879,12,1
23584.91,1.02332,15.716,12,1
23734.18,1.02378,15.573,12,1
23809.52,1.02429,15.561,12,1
23961.66,1.02447,15.454,12,1
24193.55,1.02429,15.268,12,1
24429.97,1.02627,15.135,12,1
24590.16,1.02715,14.967,12,1
24834.44,1.02740,14.854,12,1
25000.00,1.02826,14.746,12,1
25167.79,1.02842,14.629,12,1
25423.73,1.02918,14.467,12,1
25597.27,1.02848,14.346,12,1
25773.20,1.02887,14.225,12,1
26041.67,1.03090,14.086,12,1
26223.78,1.03115,13.972,12,1
26408.45,1.03181,13.860,12,1
26595.74,1.03235,13.756,12,1
26785.71,1.03253,13.635,12,1
26978.42,1.03279,13.521,12,1
27173.91,1.03364,13.404,12,1
27372.26,1.03374,13.249,12,1
27573.53,1.03434,13.184,12,1
27777.78,1.03469,13.071,12,1
27985.07,1.03475,12.928,12,1
28195.49,1.03553,12.835,12,1
28409.09,1.03602,12.733,12,1
28625.96,1.03559,12.585,12,1
28846.15,1.03664,12.501,12,1
28957.53,1.03575,12.415,12,1
29182.88,1.03742,12.327,12,1
29411.77,1.03781,12.208,12,1
29644.27,1.03816,12.079,12,1
29761.90,1.03837,12.054,12,1
30000.00,1.03833,11.907,12,1
30241.94,1.03900,11.808,12,1
30364.37,1.03936,11.746,12,1
30612.24,1.03975,11.635,12,1
30737.71,1.04094,11.561,12,1
30991.74,1.04016,11.460,12,1
31250.00,1.04084,11.340,12,1
31380.75,1.04059,11.282,12,1
31645.57,1.04042,11.118,12,1
31779.66,1.04125,11.110,12,1
32051.28,1.04163,10.978,12,1
32188.84,1.04180,10.928,12,1
32467.53,1.04208,10.811,12,1
32608.70,1.04207,10.766,12,1
32751.09,1.04216,10.688,12,1
33039.65,1.04270,10.577,12,1
33185.84,1.04279,10.504,12,1
33333.33,1.04297,10.454,12,1
33632.29,1.04311,10.336,12,1
33783.79,1.04338,10.284,12,1
33936.65,1.04203,10.186,12,1
34246.57,1.04378,10.086,12,1
34403.67,1.04416,10.037,12,1
34562.21,1.04404,9.963,12,1
34722.22,1.04413,9.911,12,1
35046.73,1.04455,9.783,12,1
35211.27,1.04422,9.754,12,1
35377.36,1.04815,9.399,12,1
35545.02,1.04469,9.643,12,1
35885.17,1.04461,9.483,12,1
36057.69,1.04512,9.394,12,1
36231.88,1.04530,9.376,12,1
36407.77,1.04531,9.300,12,1
36585.37,1.04363,9.153,12,1
36764.71,1.04546,9.211,12,1
36945.81,1.04426,9.082,12,1
37128.71,1.04574,9.047,12,1
37313.43,1.04573,8.986,12,1
37582.21,1.04589,8.905,12,1
37765.54,1.04579,8.832,12,1
37950.66,1.04607,8.779,12,1
38137.61,1.04617,8.719,12,1
38326.41,1.04642,8.677,12,1
38517.09,1.04639,8.605,12,1
38834.95,1.04651,8.499,12,1
39024.39,1.04672,8.440,12,1
39215.69,1.04513,8.364,12,1
39408.87,1.04678,8.326,12,1
39603.96,1.04783,8.331,12,1
39801.00,1.04680,8.188,12,1
40000.00,1.04544,8.121,12,1
40174.09,1.04697,8.095,12,1
40370.06,1.04595,7.998,12,1
40567.95,1.04693,7.985,12,1
40767.79,1.04693,7.922,12,1
40969.61,1.04716,7.848,12,1
41173.45,1.04709,7.815,12,1
41407.87,1.04720,7.750,12,1
41608.88,1.04724,7.691,12,1
41811.85,1.04749,7.626,12,1
42016.81,1.04724,7.582,12,1
42223.79,1.04689,7.495,12,1
42432.81,1.04903,7.459,12,1
42643.93,1.04754,7.407,12,1
42857.14,1.04781,7.358,12,1
42941.49,1.04757,7.335,12,1
43149.95,1.04759,7.288,12,1
43360.43,1.04736,7.231,12,1
43572.99,1.04761,7.173,12,1
43787.63,1.04754,7.119,12,1
44004.40,1.04744,7.056,12,1
44223.33,1.04743,6.998,12,1
44444.45,1.04615,6.916,12,1
44593.09,1.04762,6.907,12,1
44809.56,1.04745,6.865,12,1
45028.14,1.04765,6.808,12,1
45248.87,1.04781,6.761,12,1
45471.77,1.04763,6.707,12,1
45696.88,1.04789,6.663,12,1
45924.23,1.04593,6.560,12,1
46153.84,1.04772,6.547,12,1
46376.81,1.04757,6.497,12,1
46601.94,1.04766,6.450,12,1
46829.27,1.04759,6.387,12,1
47058.82,1.04607,6.306,12,1
47290.64,1.04598,6.248,12,1
47524.75,1.04739,6.259,12,1
47761.20,1.04755,6.176,12,1
48000.00,1.04761,6.135,12,1
48309.18,1.04720,6.079,12,1
48543.69,1.04748,6.036,12,1
48780.49,1.04714,5.960,12,1
49019.61,1.04727,5.935,12,1
49261.09,1.04707,5.884,12,1
49504.95,1.04741,5.833,12,1
49751.25,1.04772,5.796,12,1
50000.00,1.04726,5.735,12,1
56298.38,1.04560,4.587,12,1
65040.65,1.04212,3.370,12,1
75000.00,1.03868,2.077,12,1
86673.90,1.03377,1.373,12,1
115384.62,1.02387,-0.101,12,1
153747.59,1.01567,-1.313,12,1
205128.20,1.00972,-2.423,12,1
273972.59,1.01100,-3.592,12,1
364963.50,1.01438,-6.428,12,1
487012.97,0.92912,-15.445,12,0
649350.69,0.84313,-62.969,12,0
744416.88,0.78060,-73.695,12,0
746268.69,0.71225,-71.303,12,0
867052.00,0.64538,-91.525,12,0
=== H_TABLE_END ===
=== SWEEP_DONE points=347 ===